%YAML:1.0
---
image_width: 1440
image_height: 1080
baseline: 927.63108240240683
rms_error: 0.21114438013160819
camera_matrix_left: !!opencv-matrix
   rows: 3
   cols: 3
   dt: d
   data: [ 1604.1194536839157, 0., 717.36651745192819, 0.,
       1603.9326954963417, 587.62004753788187, 0., 0., 1. ]
distortion_coefficients_left: !!opencv-matrix
   rows: 1
   cols: 5
   dt: d
   data: [ -0.13673138991506761, 0.18939465592929708,
       0.0011836989734217288, 0.0021273845857252942,
       -0.20519355333676739 ]
rectification_left: !!opencv-matrix
   rows: 3
   cols: 3
   dt: d
   data: [ 0.99953592941750669, -0.0013296567476099657,
       0.030432841083516713, 0.0016538045056905587, 0.99994214767515865,
       -0.010628557449065424, -0.030416948139778976, 0.01067395501792387,
       0.99948030293254786 ]
projection_left: !!opencv-matrix
   rows: 3
   cols: 4
   dt: d
   data: [ 1613.873447565926, 0., 681.58988952636719, 0., 0.,
       1613.873447565926, 620.79562759399414, 0., 0., 0., 1., 0. ]
camera_matrix_right: !!opencv-matrix
   rows: 3
   cols: 3
   dt: d
   data: [ 1584.7391125488737, 0., 729.77689918894134, 0.,
       1583.7832014544008, 640.73987307799734, 0., 0., 1. ]
distortion_coefficients_right: !!opencv-matrix
   rows: 1
   cols: 5
   dt: d
   data: [ -0.092908556243089357, -0.0058016292413633598,
       0.0050967443325569337, 3.2104166739077917e-05,
       0.13964799800435529 ]
rectification_right: !!opencv-matrix
   rows: 3
   cols: 3
   dt: d
   data: [ 0.99986442658718877, -0.0086151862826438722,
       0.014032355853079045, 0.0084652128009701511, 0.99990678958407153,
       0.010712250739678332, -0.014123335926982221,
       -0.010592011564891401, 0.99984415819331718 ]
projection_right: !!opencv-matrix
   rows: 3
   cols: 4
   dt: d
   data: [ 1613.873447565926, 0., 681.58988952636719, -1497079.173026084,
       0., 1613.873447565926, 620.79562759399414, 0., 0., 0., 1., 0. ]
rotation: !!opencv-matrix
   rows: 3
   cols: 3
   dt: d
   data: [ 0.99984400750385183, 0.0069844947348343001,
       0.016222746128096127, -0.0066353612077768827, 0.99974733923724912,
       -0.021476258279390391, -0.016368648089561812,
       0.021365264363911497, 0.99963773079970342 ]
translation: !!opencv-matrix
   rows: 3
   cols: 1
   dt: d
   data: [ -927.50532029073577, 7.991714576467583, -13.016849448648777 ]
essential_matrix: !!opencv-matrix
   rows: 3
   cols: 3
   dt: d
   data: [ -0.21718506141345539, 13.184305696185623, 7.7092662036758464,
       -28.196827106846666, 19.725480250507758, 926.95814463609008,
       -1.8361351066984755, -927.32679417743725, 19.789696257370313 ]
fundamental_matrix: !!opencv-matrix
   rows: 3
   cols: 3
   dt: d
   data: [ 4.6908769950434024e-09, -2.8479471415955406e-07,
       -0.00010311396689219671, 6.0937745244603621e-07,
       -4.2634805927606477e-07, -0.032321961541056411,
       -0.00033102844235041615, 0.032225277579010281, 1. ]
disparity_to_depth_map: !!opencv-matrix
   rows: 4
   cols: 4
   dt: d
   data: [ 1., 0., 0., -681.58988952636719, 0., 1., 0.,
       -620.79562759399414, 0., 0., 0., 1613.873447565926, 0., 0.,
       0.0010780147614396123, 0. ]