%YAML:1.0
---
image_width: 1440
image_height: 1080
baseline: 925.73133144809924
rms_error: 0.2744352770220666
camera_matrix_left: !!opencv-matrix
   rows: 3
   cols: 3
   dt: d
   data: [ 1606.6143200332704, 0., 713.37390585256162, 0.,
       1607.2572248995698, 577.28620268721636, 0., 0., 1. ]
distortion_coefficients_left: !!opencv-matrix
   rows: 1
   cols: 5
   dt: d
   data: [ -0.11520147130191173, 0.17964017644535524,
       -0.0011107682858016159, -0.0020657117706518661,
       -0.20388544833135833 ]
rectification_left: !!opencv-matrix
   rows: 3
   cols: 3
   dt: d
   data: [ 0.99943532616594311, -0.0068484458136071867,
       0.032895707949716468, 0.0074502377363144193, 0.99980649298816371,
       -0.01820633231546858, -0.032764657319241872, 0.018441132520725649,
       0.99929295097188875 ]
projection_left: !!opencv-matrix
   rows: 3
   cols: 4
   dt: d
   data: [ 1608.2102906617274, 0., 653.43190765380859, 0., 0.,
       1608.2102906617274, 617.35205459594727, 0., 0., 0., 1., 0. ]
camera_matrix_right: !!opencv-matrix
   rows: 3
   cols: 3
   dt: d
   data: [ 1579.8435228103294, 0., 742.75379581868413, 0.,
       1574.7267210323862, 646.95071537355307, 0., 0., 1. ]
distortion_coefficients_right: !!opencv-matrix
   rows: 1
   cols: 5
   dt: d
   data: [ -0.077442997722553961, 0.013211496445606364,
       0.0045967758390337557, 0.006523988771037768,
       0.0022628685098430804 ]
rectification_right: !!opencv-matrix
   rows: 3
   cols: 3
   dt: d
   data: [ 0.99883410514670201, 0.0036251527157578323,
       0.048138224557773404, -0.0045069972799066955, 0.9998237868973654,
       0.018223120746199407, -0.048063680376206099,
       -0.018418833350651809, 0.99867443604344597 ]
projection_right: !!opencv-matrix
   rows: 3
   cols: 4
   dt: d
   data: [ 1608.2102906617274, 0., 653.43190765380859,
       -1488770.6536228159, 0., 1608.2102906617274, 617.35205459594727,
       0., 0., 0., 1., 0. ]
rotation: !!opencv-matrix
   rows: 3
   cols: 3
   dt: d
   data: [ 0.99981130147877773, -0.012232935089462086,
       -0.01509028609436339, 0.01167551735663659, 0.99926582317536361,
       -0.036489682488585105, 0.015525583073353721, 0.036306610042248284,
       0.99922008903818205 ]
translation: !!opencv-matrix
   rows: 3
   cols: 1
   dt: d
   data: [ -924.65202605322702, -3.3559174502610718, -44.563062713417146 ]
essential_matrix: !!opencv-matrix
   rows: 3
   cols: 3
   dt: d
   data: [ 0.468194237014041, 44.408503559337532, -4.9793921425861543,
       -30.198891884947784, 34.116117588250169, 924.60334916782745,
       -7.4405065854327761, -924.01422068518025, 33.689617088675668 ]
fundamental_matrix: !!opencv-matrix
   rows: 3
   cols: 3
   dt: d
   data: [ -1.2142513396334364e-07, -1.1512639707298321e-05,
       0.0088074821190480129, 7.8574642167149436e-06,
       -8.8731383715965663e-06, -0.3869909811427093,
       -0.0019446125114720304, 0.3927354350024635, 1. ]
disparity_to_depth_map: !!opencv-matrix
   rows: 4
   cols: 4
   dt: d
   data: [ 1., 0., 0., -653.43190765380859, 0., 1., 0.,
       -617.35205459594727, 0., 0., 0., 1608.2102906617274, 0., 0.,
       0.0010802270227104919, 0. ]
