%YAML:1.0
---
image_width: 1440
image_height: 1080
baseline: 853.15438247824818
rms_error: 0.36603992111379458
camera_matrix_left: !!opencv-matrix
   rows: 3
   cols: 3
   dt: d
   data: [ 1623.7753552156869, 0., 690.5160691602598, 0.,
       1635.9242902884278, 584.5828339751813, 0., 0., 1. ]
distortion_coefficients_left: !!opencv-matrix
   rows: 1
   cols: 5
   dt: d
   data: [ -0.13242782089352659, 0.13207559862776225,
       0.0018007103273543052, 0.0044413745909342248,
       -0.090436470289855242 ]
rectification_left: !!opencv-matrix
   rows: 3
   cols: 3
   dt: d
   data: [ 0.99738840569343767, -0.0015740735592990156,
       0.072207274430852814, 0.0019713087600962804, 0.9999833122978079,
       -0.0054303837504516795, -0.072197521633882558,
       0.0055585446237947679, 0.99737486455775004 ]
projection_left: !!opencv-matrix
   rows: 3
   cols: 4
   dt: d
   data: [ 1654.8572305874925, 0., 578.58840942382812, 0., 0.,
       1654.8572305874925, 608.83638763427734, 0., 0., 0., 1., 0. ]
camera_matrix_right: !!opencv-matrix
   rows: 3
   cols: 3
   dt: d
   data: [ 1565.0420684212479, 0., 742.4624358289941, 0.,
       1565.2742025342568, 619.6457182236951, 0., 0., 1. ]
distortion_coefficients_right: !!opencv-matrix
   rows: 1
   cols: 5
   dt: d
   data: [ -0.12589819861475718, 0.09619511720715257,
       0.0033112878315122965, -0.00069765002804823189,
       -0.086105784620245457 ]
rectification_right: !!opencv-matrix
   rows: 3
   cols: 3
   dt: d
   data: [ 0.99741690352603907, -0.010838770220087061,
       0.071007334977763459, 0.010447951594975257, 0.99992817133757361,
       0.0058730292835273545, -0.071065891030769532,
       -0.005115977483557738, 0.99745850335058572 ]
projection_right: !!opencv-matrix
   rows: 3
   cols: 4
   dt: d
   data: [ 1654.8572305874925, 0., 578.58840942382812,
       -1411848.6986515364, 0., 1654.8572305874925, 608.83638763427734,
       0., 0., 0., 1., 0. ]
rotation: !!opencv-matrix
   rows: 3
   cols: 3
   dt: d
   data: [ 0.99996343256315079, 0.0084827467407099875,
       0.0010846862468199454, -0.0084699356908196806,
       0.99990010846651889, -0.011315179098771727,
       -0.0011805616944680158, 0.011305578108919316, 0.99993539300182221 ]
translation: !!opencv-matrix
   rows: 3
   cols: 1
   dt: d
   data: [ -850.95060240112434, 9.2471443139419289, -60.580219024379112 ]
essential_matrix: !!opencv-matrix
   rows: 3
   cols: 3
   dt: d
   data: [ -0.52402738363251955, 60.678711885727864, 8.56107085560242,
       -61.582603446124878, 9.1066018467973073, 850.82991450670056,
       -2.0393092911744031, -850.9440408238238, 9.6186282201167188 ]
fundamental_matrix: !!opencv-matrix
   rows: 3
   cols: 3
   dt: d
   data: [ 8.1779690979349127e-09, -9.3991932868049157e-07,
       0.00032687074640698981, 9.6091531754050439e-07,
       -1.4104125544660132e-07, -0.022138446777600344,
       -0.00055169072566024833, 0.021414396186366411,
       0.99999999999999989 ]
disparity_to_depth_map: !!opencv-matrix
   rows: 4
   cols: 4
   dt: d
   data: [ 1., 0., 0., -578.58840942382812, 0., 1., 0.,
       -608.83638763427734, 0., 0., 0., 1654.8572305874925, 0., 0.,
       0.0011721208031484217, 0. ]