%YAML:1.0
---
image_width: 1440
image_height: 1080
baseline: 326.8071821000583
rms_error: 0.56137419437017877
camera_matrix_left: !!opencv-matrix
   rows: 3
   cols: 3
   dt: d
   data: [ 1620.4322799095332, 0., 780.46276635930701, 0.,
       1620.195323607519, 575.90456998108766, 0., 0., 1. ]
distortion_coefficients_left: !!opencv-matrix
   rows: 1
   cols: 5
   dt: d
   data: [ -0.12218037386910524, 0.51074129852614458,
       -0.00015595692414936189, 0.00016953830236234632,
       -2.2291616710959228 ]
rectification_left: !!opencv-matrix
   rows: 3
   cols: 3
   dt: d
   data: [ 0.99919679391441807, 0.00063365407517380012,
       -0.040067012786842264, -0.00064130236835998841,
       0.99999977851735899, -0.00017803512337069457,
       0.040066891100013005, 0.00020358719466947406, 0.99919697897353232 ]
projection_left: !!opencv-matrix
   rows: 3
   cols: 4
   dt: d
   data: [ 1929.9173281075302, 0., 906.65914916992188, 0., 0.,
       1929.9173281075302, 625.8681640625, 0., 0., 0., 1., 0. ]
camera_matrix_right: !!opencv-matrix
   rows: 3
   cols: 3
   dt: d
   data: [ 1633.1467088154664, 0., 715.50578687860013, 0.,
       1631.8586468252079, 552.74537538377376, 0., 0., 1. ]
distortion_coefficients_right: !!opencv-matrix
   rows: 1
   cols: 5
   dt: d
   data: [ -0.10237397211443244, -0.0093318804259599469,
       -0.0008539420244220024, 0.00091599093214459804,
       0.24979421116607028 ]
rectification_right: !!opencv-matrix
   rows: 3
   cols: 3
   dt: d
   data: [ 0.99982047300127741, -0.002503225816090708,
       -0.018781789797981729, 0.0025068104263118382, 0.99999684394865085,
       0.00016731474539664727, 0.018781311695098609,
       -0.00021436709437293577, 0.99982359262909981 ]
projection_right: !!opencv-matrix
   rows: 3
   cols: 4
   dt: d
   data: [ 1929.9173281075302, 0., 906.65914916992188,
       -630710.84368489555, 0., 1929.9173281075302, 625.8681640625, 0.,
       0., 0., 1., 0. ]
rotation: !!opencv-matrix
   rows: 3
   cols: 3
   dt: d
   data: [ 0.99976831225981289, 0.0031441738228163599,
       -0.021294036069688497, -0.0031511045772839282,
       0.99999499264507419, -0.00029193273378980459,
       0.021293011555632485, 0.0003589648310824775, 0.99977321368555461 ]
translation: !!opencv-matrix
   rows: 3
   cols: 1
   dt: d
   data: [ -326.74851138749489, 0.81807217511668662, 6.1380237986728892 ]
essential_matrix: !!opencv-matrix
   rows: 3
   cols: 3
   dt: d
   data: [ 0.036760775165576833, -6.137699404269032, 0.81967853761075504,
       13.094061522569401, 0.13659023794827421, 326.54370599668124,
       0.211736092030721, -326.74944740284508, 0.11280864459564373 ]
fundamental_matrix: !!opencv-matrix
   rows: 3
   cols: 3
   dt: d
   data: [ 2.1727251800010417e-09, -3.6281836624040644e-07,
       0.00028575753034288878, 7.7452809692314904e-07,
       8.0806439831921535e-09, 0.030690183244496128,
       -0.00040923333475555873, -0.031289372424067867, 1. ]
disparity_to_depth_map: !!opencv-matrix
   rows: 4
   cols: 4
   dt: d
   data: [ 1., 0., 0., -906.65914916992188, 0., 1., 0., -625.8681640625,
       0., 0., 0., 1929.9173281075302, 0., 0., 0.0030599082724376324, 0. ]
