%YAML:1.0
---
# 双目相机标定参数（占位符 - 请使用实际标定数据替换）
# 相机分辨率: 1440x1080
# 焦距: 5mm
# 基线: 25cm

# 左相机内参矩阵 (K1)
K1: !!opencv-matrix
   rows: 3
   cols: 3
   dt: d
   data: [ 1200.0, 0.0, 720.0,
           0.0, 1200.0, 540.0,
           0.0, 0.0, 1.0 ]

# 左相机畸变系数 [k1, k2, p1, p2, k3] (D1)
D1: !!opencv-matrix
   rows: 1
   cols: 5
   dt: d
   data: [ 0.0, 0.0, 0.0, 0.0, 0.0 ]

# 右相机内参矩阵 (K2)
K2: !!opencv-matrix
   rows: 3
   cols: 3
   dt: d
   data: [ 1200.0, 0.0, 720.0,
           0.0, 1200.0, 540.0,
           0.0, 0.0, 1.0 ]

# 右相机畸变系数 (D2)
D2: !!opencv-matrix
   rows: 1
   cols: 5
   dt: d
   data: [ 0.0, 0.0, 0.0, 0.0, 0.0 ]

# 左相机投影矩阵 (P1) - 3x4
P1: !!opencv-matrix
   rows: 3
   cols: 4
   dt: d
   data: [ 1200.0, 0.0, 720.0, 0.0,
           0.0, 1200.0, 540.0, 0.0,
           0.0, 0.0, 1.0, 0.0 ]

# 右相机投影矩阵 (P2) - 3x4, 包含基线信息
# P2[0,3] = -fx * baseline (负值表示右相机在左边)
P2: !!opencv-matrix
   rows: 3
   cols: 4
   dt: d
   data: [ 1200.0, 0.0, 720.0, -300.0,
           0.0, 1200.0, 540.0, 0.0,
           0.0, 0.0, 1.0, 0.0 ]

# 基线距离 (米)
baseline: 0.25

# 旋转矩阵 (右相机相对左相机) - 用于完整标定
R: !!opencv-matrix
   rows: 3
   cols: 3
   dt: d
   data: [ 1.0, 0.0, 0.0,
           0.0, 1.0, 0.0,
           0.0, 0.0, 1.0 ]

# 平移向量 (右相机相对左相机)
T: !!opencv-matrix
   rows: 3
   cols: 1
   dt: d
   data: [ 0.25, 0.0, 0.0 ]
